2404.042 90
2734.429 89
3252.469 88
3042.559 87
2775.814 86
2478.672 85
2589.821 84
2831.475 83
2795.817 82
2650.895 81
2548.049 80
2998.37 79
2906.228 78
2897.053 77
2137.805 76
2250.479 75
2571.307 74
3053.525 73
2627.489 72
2133.134 71
1226.388 70
868.606 69
225.489 68
79.45 67
34.861 66
30.752 65
27.068 64
26.544 63
26.168 62
27.701 61
27.191 60
25.048 59
24.549 58
24.338 57
26.296 56
27.725 55
30.645 54
35.285 53
42.871 52
56.735 51
75.506 50
92.187 49
106.313 48
135.361 47
139.201 46
134.786 45
101.576 44
82.48 43
76.371 42
72.338 41
54.804 40
48.106 39
49.102 38
49.686 37
53.697 36
56.583 35
64.805 34
75.332 33
90.996 32
99.737 31
104.954 30
88.472 29
74.331 28
59.201 27
53.025 26
47.975 25
43.207 24
40.182 23
38.413 22
38.419 21
39.521 20
41.365 19
44.46 18
50.347 17
56.281 16
58.617 15
58.421 14
65.524 13
66.943 12
66.801 11
62.211 10
51.322 9
47.011 8
43.384 7
41.185 6
45.405 5
46.277 4
53.858 3
57.582 2
55.133 1
56.676 0
