
10.0 20.0
10.0 26.0
8.0 26.0
8.0 71.0
10.0 20.0
10.0 26.0
4.0 26.0
10.0 20.0
10.0 26.0
8.0 26.0
8.0 51.0
9.0 51.0
10.0 51.0
11.0 51.0
12.0 51.0
13.0 51.0
14.0 51.0
15.0 51.0
16.0 51.0
17.0 51.0
18.0 51.0
19.0 51.0
20.0 51.0
21.0 51.0
21.0 52.0
21.0 53.0
21.0 54.0
21.0 55.0
21.0 56.0
21.0 57.0
21.0 58.0
21.0 59.0
21.0 60.0
21.0 61.0
21.0 62.0
21.0 63.0
21.0 64.0
21.0 65.0
21.0 66.0
21.0 67.0
21.0 68.0
21.0 69.0
21.0 70.0
20.0 70.0
19.0 70.0
18.0 70.0
17.0 70.0
16.0 70.0
15.0 70.0
14.0 70.0
13.0 70.0
12.0 70.0
11.0 70.0
10.0 70.0
9.0 70.0
8.0 70.0
8.0 82.0
15.0 20.0
21.0 20.0
34.0 20.0
15.0 20.0
21.0 20.0
8.0 20.0
8.0 51.0
8.0 57.0
10.0 20.0
10.0 26.0
8.0 26.0